model_type: shift_fit
origin: -88.88888888888887
slope: 88.62745098039214
