model_type: shift_fit
origin: -177.0157894736839
slope: 69.11578947368423
